2111,2131,0.6888856230684911
2131,2111,0.6888856230684911
2361,2381,0.6233872468953109
2361,2382,0.6266920429785532
2361,2383,0.5605638913456813
2361,2389,0.6840997440522325
2361,4411,0.5437693086484574
2361,4413,0.6543787462023548
2361,4441,0.6489920250979279
2361,4442,0.5335373798559906
2361,4451,0.6488712943834339
2361,4461,0.5463873386458046
2361,4471,0.707909318271981
2361,4543,0.5438683574440957
2361,4841,0.5093754768245244
2361,4842,0.5850285305064391
2361,5221,0.6366006362405038
2361,5242,0.5542100181664016
2361,5312,0.5259225656381535
2361,5419,0.6026974717339926
2361,5617,0.5064785062727776
2361,6212,0.6269067067906573
2361,6213,0.6437921988688086
2361,6244,0.557648727882137
2361,7139,0.580641027838186
2361,7224,0.5351458252346902
2361,7225,0.7022775862576877
2361,8111,0.7085011378984247
2361,8131,0.6615908781483164
2362,4411,0.520031405521988
2362,4413,0.5332340246900612
2362,4441,0.5162424259596913
2362,8111,0.5166141817967176
2371,4413,0.5016885974885535
2381,2361,0.6233872468953109
2381,2382,0.6377172597883439
2381,2383,0.5697805812025226
2381,2389,0.6346395956899974
2381,4411,0.5453272433483948
2381,4413,0.6350908825464004
2381,4441,0.599780042886977
2381,4442,0.539435121079821
2381,4451,0.5711103273899474
2381,4461,0.5221378347999289
2381,4471,0.6352381648977365
2381,4543,0.5028835391696668
2381,4842,0.5543814346071918
2381,5221,0.5639010405719731
2381,5419,0.5651756812604269
2381,5617,0.5072742073476678
2381,6212,0.5884587999372457
2381,6213,0.5848558966739204
2381,6244,0.5447586221203617
2381,7139,0.5034985275751661
2381,7225,0.626305442128713
2381,8111,0.6545379583097247
2381,8131,0.6005580682905913
2382,2361,0.6266920429785532
2382,2381,0.6377172597883439
2382,2383,0.5454410765440848
2382,2389,0.6471157657062451
2382,4238,0.5219146862471388
2382,4411,0.5586307148787267
2382,4413,0.6635418049710358
2382,4441,0.6285442958538384
2382,4442,0.5263505298827577
2382,4451,0.5901355498986219
2382,4461,0.5584464891549131
2382,4471,0.6954698046064637
2382,4529,0.5000600959168092
2382,4841,0.5299019321176416
2382,4842,0.58256820345693
2382,5221,0.6385004347299833
2382,5242,0.5640739585640226
2382,5419,0.5500712578371721
2382,5617,0.5147393195615513
2382,6212,0.5989691702824816
2382,6213,0.605693777190491
2382,6244,0.5536117177935047
2382,7139,0.5120260315321166
2382,7225,0.6850437512518156
2382,8111,0.6946237341306828
2382,8122,0.5051316496149707
2382,8131,0.6832193930537169
2383,2361,0.5605638913456813
2383,2381,0.5697805812025226
2383,2382,0.5454410765440848
2383,2389,0.5373344616711476
2383,5419,0.5152160237820994
2383,6212,0.5195640983941683
2383,8111,0.5288281632143066
2389,2361,0.6840997440522325
2389,2381,0.6346395956899974
2389,2382,0.6471157657062451
2389,2383,0.5373344616711476
2389,4238,0.5179987914315498
2389,4411,0.6023861296704673
2389,4413,0.7106038629186265
2389,4441,0.6713265371181922
2389,4442,0.5969978890124752
2389,4451,0.6615865143785556
2389,4461,0.5953719227482239
2389,4471,0.7453580511259601
2389,4529,0.5439804741953822
2389,4539,0.5399887082178788
2389,4543,0.5538229366636661
2389,4841,0.5609568028429535
2389,4842,0.6475541831979786
2389,5221,0.6522545486581484
2389,5242,0.5407397105258432
2389,5419,0.6035319197222385
2389,5617,0.5055895752298526
2389,6212,0.6298982594710409
2389,6213,0.639793125145603
2389,6244,0.5789979928938371
2389,7139,0.5238197582457393
2389,7225,0.7177695906593752
2389,8111,0.7271166527758435
2389,8122,0.5462258536139957
2389,8131,0.6926166841443908
3132,3133,0.5282705437953743
3133,3132,0.5282705437953743
3327,4442,0.502224952465695
3327,8122,0.5002908939224627
3328,3335,0.5190575549950078
3335,3328,0.5190575549950078
4234,4242,0.502848935218507
4238,2382,0.5219146862471388
4238,2389,0.5179987914315498
4238,4249,0.5382160756771517
4238,4411,0.5849518173122443
4238,4413,0.631362733178944
4238,4441,0.5791318924983135
4238,4442,0.5372124489837602
4238,4461,0.5291502622129182
4238,4471,0.607834982845366
4238,4529,0.5069020668602618
4238,4841,0.5684307509444851
4238,4842,0.6102811077750405
4238,5221,0.5601323906833119
4238,6212,0.5426486246739078
4238,6213,0.5406239488775726
4238,6231,0.5019704651558146
4238,7225,0.5641927677409371
4238,8111,0.6092969644837021
4238,8113,0.5674074545793305
4238,8122,0.5231886403574234
4238,8131,0.595082361711647
4242,4234,0.502848935218507
4249,4238,0.5382160756771517
4249,4413,0.5282293998955945
4249,4471,0.5231061346545272
4249,4841,0.5006740676422528
4249,4842,0.5111573099241382
4249,5221,0.501418562694723
4249,8111,0.5352482866901068
4249,8131,0.5144080391066176
4411,2361,0.5437693086484574
4411,2362,0.520031405521988
4411,2381,0.5453272433483948
4411,2382,0.5586307148787267
4411,2389,0.6023861296704673
4411,4238,0.5849518173122443
4411,4412,0.5886851334677008
4411,4413,0.7431831029578237
4411,4421,0.5795508499183092
4411,4431,0.5869673441813559
4411,4441,0.7179916012204848
4411,4442,0.6787132794323425
4411,4451,0.6299752814901992
4411,4453,0.5432619833034229
4411,4461,0.683607239411395
4411,4471,0.6771558501410667
4411,4482,0.5216019888098052
4411,4483,0.5011088091523024
4411,4511,0.5685612401971032
4411,4521,0.513797766667146
4411,4529,0.6491756644702423
4411,4531,0.5829929722029741
4411,4532,0.5703096659808158
4411,4533,0.5315911251470605
4411,4539,0.650262007627755
4411,4543,0.599917501859129
4411,4841,0.562560952248165
4411,4842,0.5936725977566895
4411,5221,0.6083184985127371
4411,5322,0.63267250869983
4411,5419,0.5734130049296952
4411,6211,0.5940967918633968
4411,6212,0.700168407861966
4411,6213,0.6608495215763781
4411,6214,0.5407157634498839
4411,6231,0.6415611896866946
4411,6232,0.5071012239762568
4411,6233,0.5664539108101317
4411,6241,0.5393306816162283
4411,6244,0.6068685684543496
4411,7139,0.5177486571995886
4411,7225,0.6703071320082131
4411,8111,0.6870567794104141
4411,8113,0.5209753466890151
4411,8121,0.5069906290748681
4411,8122,0.6688870798356729
4411,8131,0.6381210990820669
4411,8134,0.5681562688798887
4412,4411,0.5886851334677008
4412,4413,0.5636768126188785
4412,4421,0.5454334478881051
4412,4422,0.5189346278344495
4412,4431,0.5026321870674034
4412,4441,0.5932235721880725
4412,4442,0.5720887782516726
4412,4461,0.5087309222279982
4412,4483,0.5009733563067862
4412,4511,0.5747764718545773
4412,4521,0.5271020601821224
4412,4529,0.5347142683923239
4412,4531,0.5346665764540914
4412,4532,0.5604837791615724
4412,4533,0.5348186750588784
4412,4539,0.5887271997582564
4412,4543,0.5196951807743148
4412,5322,0.549966390586617
4412,6212,0.5512532413555455
4412,6231,0.5264726883615881
4412,6233,0.5357942955880688
4412,8111,0.5315694516006877
4412,8122,0.5090634146447518
4413,2361,0.6543787462023548
4413,2362,0.5332340246900612
4413,2371,0.5016885974885535
4413,2381,0.6350908825464004
4413,2382,0.6635418049710358
4413,2389,0.7106038629186265
4413,4238,0.631362733178944
4413,4249,0.5282293998955945
4413,4411,0.7431831029578237
4413,4412,0.5636768126188785
4413,4421,0.5485848750120097
4413,4431,0.5481996041405283
4413,4441,0.8092243591020966
4413,4442,0.7149406104731871
4413,4451,0.7521426109422643
4413,4453,0.5506070347490791
4413,4461,0.7674052478576517
4413,4471,0.8504764115833973
4413,4511,0.5135289094265861
4413,4529,0.7075471880930594
4413,4531,0.5408514253693185
4413,4532,0.5247223360259485
4413,4533,0.5119229137426651
4413,4539,0.6457968786222712
4413,4543,0.6276777094689222
4413,4841,0.6515582604715471
4413,4842,0.7069084621788942
4413,5221,0.7732350355719209
4413,5242,0.606097113626475
4413,5311,0.5150735291879149
4413,5322,0.6347066034236235
4413,5419,0.6464425460507697
4413,5617,0.5087336854361761
4413,6211,0.6226346251209091
4413,6212,0.7667024239162341
4413,6213,0.7481588624891576
4413,6214,0.5637734491636266
4413,6231,0.6079068312518211
4413,6233,0.5461245379745473
4413,6241,0.6102719239561089
4413,6244,0.6665296481626155
4413,7139,0.5520936496407512
4413,7224,0.5236443294208918
4413,7225,0.8278034157538837
4413,8111,0.830622842242972
4413,8113,0.5751341232021884
4413,8122,0.6863574692867634
4413,8131,0.8012290254981642
4413,8134,0.5667580191759184
4421,4411,0.5795508499183092
4421,4412,0.5454334478881051
4421,4413,0.5485848750120097
4421,4431,0.5426518414978287
4421,4441,0.5592617742631046
4421,4442,0.5254152619421713
4421,4461,0.5425829222402772
4421,4482,0.5589337726014895
4421,4483,0.5487038443797785
4421,4511,0.5547449360537924
4421,4521,0.5381013359208309
4421,4529,0.5462306695232767
4421,4531,0.5000604634507807
4421,4532,0.5525885328490677
4421,4533,0.5256606348121181
4421,4539,0.5402547375577229
4421,5322,0.5707301555760146
4421,6211,0.5318492246930772
4421,6212,0.5216158535903322
4421,8122,0.5172880386735625
4422,4412,0.5189346278344495
4422,4431,0.5227683854154268
4422,4481,0.5442924817491093
4422,4483,0.5955484145814087
4422,4511,0.6232603026590195
4422,4521,0.5597172700050277
4422,4532,0.5857467476966727
4422,4533,0.5144704280663557
4422,4539,0.5463989084880352
4431,4411,0.5869673441813559
4431,4412,0.5026321870674034
4431,4413,0.5481996041405283
4431,4421,0.5426518414978287
4431,4422,0.5227683854154268
4431,4441,0.5618007081078773
4431,4461,0.5222389457743615
4431,4482,0.5170795790064145
4431,4483,0.5261708331005678
4431,4511,0.5719077936161261
4431,4521,0.532803144091709
4431,4532,0.5270821688621968
4431,4533,0.5000830275158908
4431,4539,0.5514637426177663
4431,5322,0.5324516724593731
4431,6212,0.5547027585816364
4431,6213,0.5145048390885356
4431,7225,0.5069095951539012
4431,8111,0.5075414890887257
4441,2361,0.6489920250979279
4441,2362,0.5162424259596913
4441,2381,0.599780042886977
4441,2382,0.6285442958538384
4441,2389,0.6713265371181922
4441,4238,0.5791318924983135
4441,4411,0.7179916012204848
4441,4412,0.5932235721880725
4441,4413,0.8092243591020966
4441,4421,0.5592617742631046
4441,4431,0.5618007081078773
4441,4442,0.6874737188823168
4441,4451,0.7251507908712049
4441,4453,0.5621420538153273
4441,4461,0.7247981687631327
4441,4471,0.7804195082768418
4441,4511,0.5527535642944826
4441,4529,0.6538686173612719
4441,4531,0.557701149199724
4441,4532,0.5750008919461012
4441,4533,0.5370762913835748
4441,4539,0.6461361304775908
4441,4543,0.6293931849288235
4441,4841,0.5866846134740258
4441,4842,0.6445682483958439
4441,5221,0.7017169221405257
4441,5242,0.5511973028481761
4441,5322,0.6357036088414466
4441,5419,0.6200672528570409
4441,6211,0.5992185914478352
4441,6212,0.7375400755503658
4441,6213,0.7149343286701294
4441,6214,0.5479269443378952
4441,6231,0.5924866522469916
4441,6232,0.502040332160688
4441,6233,0.558411933260475
4441,6241,0.5718773417961117
4441,6244,0.6301898859449068
4441,7139,0.5661183241489604
4441,7224,0.5519251982527527
4441,7225,0.76915329846715
4441,8111,0.7723925682296249
4441,8113,0.5258269702269092
4441,8122,0.6416994265793802
4441,8131,0.7278845160734524
4441,8134,0.5695363604727218
4442,2361,0.5335373798559906
4442,2381,0.539435121079821
4442,2382,0.5263505298827577
4442,2389,0.5969978890124752
4442,3327,0.502224952465695
4442,4238,0.5372124489837602
4442,4411,0.6787132794323425
4442,4412,0.5720887782516726
4442,4413,0.7149406104731871
4442,4421,0.5254152619421713
4442,4441,0.6874737188823168
4442,4451,0.6156801172776588
4442,4453,0.5111142459490688
4442,4461,0.6483767674774772
4442,4471,0.6613638419215928
4442,4511,0.5003704288843758
4442,4529,0.5934692197106962
4442,4531,0.5472420876720855
4442,4532,0.5156960070593022
4442,4533,0.5179677763850717
4442,4539,0.61462108358318
4442,4543,0.5954243058183322
4442,4841,0.52491953443998
4442,4842,0.5719433125118092
4442,5221,0.5755354295966246
4442,5322,0.5970170158706736
4442,5419,0.581135508964659
4442,6211,0.5340160531317467
4442,6212,0.6629667941165022
4442,6213,0.6204853608718364
4442,6214,0.5263834120170651
4442,6231,0.5984854159490001
4442,6233,0.5375201314467364
4442,6241,0.5003842816444566
4442,6244,0.5836421160961658
4442,7225,0.6463634535451585
4442,8111,0.6674579815743181
4442,8122,0.628366396081007
4442,8131,0.6165340250314983
4451,2361,0.6488712943834339
4451,2381,0.5711103273899474
4451,2382,0.5901355498986219
4451,2389,0.6615865143785556
4451,4411,0.6299752814901992
4451,4413,0.7521426109422643
4451,4441,0.7251507908712049
4451,4442,0.6156801172776588
4451,4453,0.5101676639586684
4451,4461,0.703543965766004
4451,4471,0.7643611832403696
4451,4529,0.6075230276082987
4451,4539,0.5783195919973504
4451,4543,0.5771980945036436
4451,4841,0.5424321827536964
4451,4842,0.6066163305643658
4451,5221,0.6697253419172128
4451,5242,0.5431018052404408
4451,5322,0.5378356196419478
4451,5419,0.589395764008683
4451,6211,0.561188680661338
4451,6212,0.6732110060328107
4451,6213,0.6519340412824037
4451,6231,0.5276533024853612
4451,6233,0.5085816313260649
4451,6241,0.5609324869986473
4451,6244,0.6210114000413767
4451,7139,0.5457268653095595
4451,7225,0.7370866131610982
4451,8111,0.7230322471306275
4451,8122,0.6095707540521275
4451,8131,0.7009113475719634
4451,8134,0.5101100664338389
4453,4411,0.5432619833034229
4453,4413,0.5506070347490791
4453,4441,0.5621420538153273
4453,4442,0.5111142459490688
4453,4451,0.5101676639586684
4453,4461,0.5275754102420463
4453,4471,0.5160032959839624
4453,4539,0.5194244957495371
4453,4543,0.5062068616415184
4453,6212,0.5315795845165583
4453,6213,0.5029059989558815
4453,6231,0.5043192574392976
4453,7225,0.5206462627006916
4453,8111,0.5250616591438302
4453,8134,0.5020885376702638
4461,2361,0.5463873386458046
4461,2381,0.5221378347999289
4461,2382,0.5584464891549131
4461,2389,0.5953719227482239
4461,4238,0.5291502622129182
4461,4411,0.683607239411395
4461,4412,0.5087309222279982
4461,4413,0.7674052478576517
4461,4421,0.5425829222402772
4461,4431,0.5222389457743615
4461,4441,0.7247981687631327
4461,4442,0.6483767674774772
4461,4451,0.703543965766004
4461,4453,0.5275754102420463
4461,4471,0.7330881852653371
4461,4529,0.6592983467785545
4461,4531,0.5325355803808132
4461,4532,0.5238143116561474
4461,4539,0.6278013494288709
4461,4543,0.5627300285117391
4461,4841,0.5472995574865552
4461,4842,0.5889391727011052
4461,5221,0.6613579159198509
4461,5242,0.5111433647386219
4461,5322,0.6086687804684663
4461,5419,0.5652832990573553
4461,6211,0.639468445664117
4461,6212,0.6976409977004461
4461,6213,0.6712221218170275
4461,6214,0.5418360845488877
4461,6216,0.5078597361751638
4461,6231,0.5798341274380602
4461,6233,0.5131508170002012
4461,6241,0.5786713098915749
4461,6244,0.6303177237714587
4461,7225,0.7274089188785673
4461,8111,0.7005501077172753
4461,8122,0.6765654911295547
4461,8131,0.6940805793241883
4461,8134,0.5042391963667395
4471,2361,0.707909318271981
4471,2381,0.6352381648977365
4471,2382,0.6954698046064637
4471,2389,0.7453580511259601
4471,4238,0.607834982845366
4471,4249,0.5231061346545272
4471,4411,0.6771558501410667
4471,4413,0.8504764115833973
4471,4441,0.7804195082768418
4471,4442,0.6613638419215928
4471,4451,0.7643611832403696
4471,4453,0.5160032959839624
4471,4461,0.7330881852653371
4471,4529,0.6684354444469369
4471,4539,0.5706133706527035
4471,4543,0.5917301610269232
4471,4841,0.6779297769294075
4471,4842,0.7464014527542038
4471,5221,0.8253446820539458
4471,5242,0.6699724479496055
4471,5311,0.5081125762047155
4471,5322,0.5620575311280392
4471,5412,0.5033612834037046
4471,5419,0.6148711795867186
4471,5617,0.5159102524528965
4471,6211,0.5748521923566711
4471,6212,0.7068712947821529
4471,6213,0.7268244840384543
4471,6231,0.5587740194540336
4471,6241,0.6005033981232326
4471,6244,0.6475251819885766
4471,7139,0.5438087837799466
4471,7211,0.5329729537081609
4471,7224,0.5321316335864797
4471,7225,0.8851289992807837
4471,8111,0.8395723483021431
4471,8113,0.5329831556883573
4471,8122,0.6349024091636979
4471,8131,0.8817341360086414
4471,8134,0.5374593712523974
4481,4422,0.5442924817491093
4481,4482,0.6469400942795102
4481,4483,0.5745595148267396
4481,4511,0.5120739422410236
4481,4521,0.5029876798068013
4481,4532,0.5295257192937519
4482,4411,0.5216019888098052
4482,4421,0.5589337726014895
4482,4431,0.5170795790064145
4482,4481,0.6469400942795102
4482,4483,0.5544410485599026
4482,4521,0.501880113231322
4482,4532,0.5414561841723395
4482,5322,0.5207604357751807
4483,4411,0.5011088091523024
4483,4412,0.5009733563067862
4483,4421,0.5487038443797785
4483,4422,0.5955484145814087
4483,4431,0.5261708331005678
4483,4481,0.5745595148267396
4483,4482,0.5544410485599026
4483,4511,0.618222544446253
4483,4512,0.5235703753816571
4483,4521,0.65537458509011
4483,4532,0.596300531883315
4483,4533,0.5236411385776741
4483,4539,0.5563028969713041
4511,4411,0.5685612401971032
4511,4412,0.5747764718545773
4511,4413,0.5135289094265861
4511,4421,0.5547449360537924
4511,4422,0.6232603026590195
4511,4431,0.5719077936161261
4511,4441,0.5527535642944826
4511,4442,0.5003704288843758
4511,4481,0.5120739422410236
4511,4483,0.618222544446253
4511,4512,0.5414714396788712
4511,4521,0.6468036508879549
4511,4531,0.5042624994778527
4511,4532,0.6386558531824872
4511,4533,0.5916170456751914
4511,4539,0.5948997982834895
4511,5322,0.5161257137349816
4511,6212,0.5386250095052233
4511,6233,0.5155996215312195
4511,6242,0.509540997069012
4511,7139,0.5037415831781388
4512,4483,0.5235703753816571
4512,4511,0.5414714396788712
4512,4521,0.5717870348926675
4521,4411,0.513797766667146
4521,4412,0.5271020601821224
4521,4421,0.5381013359208309
4521,4422,0.5597172700050277
4521,4431,0.532803144091709
4521,4481,0.5029876798068013
4521,4482,0.501880113231322
4521,4483,0.65537458509011
4521,4511,0.6468036508879549
4521,4512,0.5717870348926675
4521,4531,0.5239758367322086
4521,4532,0.5743797348769522
4521,4533,0.5433803785629447
4521,4539,0.5286124718063389
4521,6219,0.5057879647409161
4521,6233,0.5023714102337855
4529,2382,0.5000600959168092
4529,2389,0.5439804741953822
4529,4238,0.5069020668602618
4529,4411,0.6491756644702423
4529,4412,0.5347142683923239
4529,4413,0.7075471880930594
4529,4421,0.5462306695232767
4529,4441,0.6538686173612719
4529,4442,0.5934692197106962
4529,4451,0.6075230276082987
4529,4461,0.6592983467785545
4529,4471,0.6684354444469369
4529,4531,0.5195091046546138
4529,4539,0.5771528308732758
4529,4543,0.5044391872473104
4529,4841,0.5188721638442048
4529,4842,0.547010456971234
4529,5221,0.5598175678103025
4529,5322,0.5862084206067943
4529,6211,0.5736364460357184
4529,6212,0.6067470446273964
4529,6213,0.5638465244039328
4529,6214,0.5111141298172562
4529,6231,0.5419381332027797
4529,6244,0.5347124043557442
4529,7225,0.6556514563252824
4529,8111,0.6327871182699815
4529,8122,0.6277318730475189
4529,8131,0.6341976046063774
4531,4411,0.5829929722029741
4531,4412,0.5346665764540914
4531,4413,0.5408514253693185
4531,4421,0.5000604634507807
4531,4441,0.557701149199724
4531,4442,0.5472420876720855
4531,4461,0.5325355803808132
4531,4511,0.5042624994778527
4531,4521,0.5239758367322086
4531,4529,0.5195091046546138
4531,4532,0.5204065877745023
4531,4533,0.5126082616996251
4531,4539,0.5400856088128273
4531,5322,0.5342001468119377
4531,6212,0.5313635645989776
4531,6231,0.5630349337794944
4531,6233,0.5081810656088145
4531,8122,0.5551718436393414
4532,4411,0.5703096659808158
4532,4412,0.5604837791615724
4532,4413,0.5247223360259485
4532,4421,0.5525885328490677
4532,4422,0.5857467476966727
4532,4431,0.5270821688621968
4532,4441,0.5750008919461012
4532,4442,0.5156960070593022
4532,4461,0.5238143116561474
4532,4481,0.5295257192937519
4532,4482,0.5414561841723395
4532,4483,0.596300531883315
4532,4511,0.6386558531824872
4532,4521,0.5743797348769522
4532,4531,0.5204065877745023
4532,4533,0.5407814592433949
4532,4539,0.5874343721045435
4532,4543,0.5005146633052429
4532,5322,0.5396281701156918
4532,6211,0.5005832983268018
4532,6212,0.5539913947367113
4532,6213,0.5051064382591904
4532,7225,0.504898609689608
4533,4411,0.5315911251470605
4533,4412,0.5348186750588784
4533,4413,0.5119229137426651
4533,4421,0.5256606348121181
4533,4422,0.5144704280663557
4533,4431,0.5000830275158908
4533,4441,0.5370762913835748
4533,4442,0.5179677763850717
4533,4483,0.5236411385776741
4533,4511,0.5916170456751914
4533,4521,0.5433803785629447
4533,4531,0.5126082616996251
4533,4532,0.5407814592433949
4533,4539,0.5738744873106175
4533,5322,0.5277806586358995
4533,6212,0.5243501993474093
4533,6233,0.5426115226988557
4539,2389,0.5399887082178788
4539,4411,0.650262007627755
4539,4412,0.5887271997582564
4539,4413,0.6457968786222712
4539,4421,0.5402547375577229
4539,4422,0.5463989084880352
4539,4431,0.5514637426177663
4539,4441,0.6461361304775908
4539,4442,0.61462108358318
4539,4451,0.5783195919973504
4539,4453,0.5194244957495371
4539,4461,0.6278013494288709
4539,4471,0.5706133706527035
4539,4483,0.5563028969713041
4539,4511,0.5948997982834895
4539,4521,0.5286124718063389
4539,4529,0.5771528308732758
4539,4531,0.5400856088128273
4539,4532,0.5874343721045435
4539,4533,0.5738744873106175
4539,4543,0.5524568934391715
4539,5322,0.6238564554677105
4539,5419,0.5384043774870573
4539,6211,0.5514615193956196
4539,6212,0.6427571364487991
4539,6213,0.5939051474085091
4539,6214,0.543788293421909
4539,6231,0.5390640294914896
4539,6233,0.5335899430108235
4539,6244,0.5431228790853886
4539,7139,0.510734267649461
4539,7225,0.5991247562310834
4539,8111,0.5913624989655659
4539,8122,0.5706701348645908
4539,8131,0.5202529527436393
4543,2361,0.5438683574440957
4543,2381,0.5028835391696668
4543,2389,0.5538229366636661
4543,4411,0.599917501859129
4543,4412,0.5196951807743148
4543,4413,0.6276777094689222
4543,4441,0.6293931849288235
4543,4442,0.5954243058183322
4543,4451,0.5771980945036436
4543,4453,0.5062068616415184
4543,4461,0.5627300285117391
4543,4471,0.5917301610269232
4543,4529,0.5044391872473104
4543,4532,0.5005146633052429
4543,4539,0.5524568934391715
4543,5221,0.5168710012495582
4543,5322,0.5205728884185681
4543,5419,0.5244679580702185
4543,6212,0.6158502522477614
4543,6213,0.5615613252179769
4543,6231,0.5235227701733505
4543,6244,0.5216930325960661
4543,7139,0.5073429875604724
4543,7225,0.5676576183153629
4543,8111,0.6086904242488168
4543,8122,0.5435781775597982
4543,8131,0.5234541011918071
4543,8134,0.5010148591446281
4831,4883,0.5
4841,2361,0.5093754768245244
4841,2382,0.5299019321176416
4841,2389,0.5609568028429535
4841,4238,0.5684307509444851
4841,4249,0.5006740676422528
4841,4411,0.562560952248165
4841,4413,0.6515582604715471
4841,4441,0.5866846134740258
4841,4442,0.52491953443998
4841,4451,0.5424321827536964
4841,4461,0.5472995574865552
4841,4471,0.6779297769294075
4841,4529,0.5188721638442048
4841,4842,0.6468555208011241
4841,5221,0.6156387601506961
4841,5242,0.5168633665289547
4841,6212,0.5264983365472955
4841,6213,0.5513153810933151
4841,6244,0.5086535341844042
4841,7225,0.6241774953389146
4841,8111,0.6494696679740838
4841,8122,0.533245988041315
4841,8131,0.6564545813572877
4842,2361,0.5850285305064391
4842,2381,0.5543814346071918
4842,2382,0.58256820345693
4842,2389,0.6475541831979786
4842,4238,0.6102811077750405
4842,4249,0.5111573099241382
4842,4411,0.5936725977566895
4842,4413,0.7069084621788942
4842,4441,0.6445682483958439
4842,4442,0.5719433125118092
4842,4451,0.6066163305643658
4842,4461,0.5889391727011052
4842,4471,0.7464014527542038
4842,4529,0.547010456971234
4842,4841,0.6468555208011241
4842,5221,0.6835010122476557
4842,5242,0.5727637944812892
4842,5419,0.5230875093732059
4842,6212,0.5907240951686564
4842,6213,0.6017930678936644
4842,6244,0.535344350466821
4842,7225,0.6916367845541727
4842,8111,0.7265455700482483
4842,8113,0.5125720851456186
4842,8122,0.5453220412839233
4842,8131,0.7118176394888448
4883,4831,0.5
5221,2361,0.6366006362405038
5221,2381,0.5639010405719731
5221,2382,0.6385004347299833
5221,2389,0.6522545486581484
5221,4238,0.5601323906833119
5221,4249,0.501418562694723
5221,4411,0.6083184985127371
5221,4413,0.7732350355719209
5221,4441,0.7017169221405257
5221,4442,0.5755354295966246
5221,4451,0.6697253419172128
5221,4461,0.6613579159198509
5221,4471,0.8253446820539458
5221,4529,0.5598175678103025
5221,4543,0.5168710012495582
5221,4841,0.6156387601506961
5221,4842,0.6835010122476557
5221,5242,0.6931852812663947
5221,5412,0.509994585287656
5221,5419,0.5726495726495726
5221,6211,0.5079659587631042
5221,6212,0.6456990368550497
5221,6213,0.6907553535592463
5221,6241,0.5564053471724586
5221,6244,0.5923521915896985
5221,7224,0.522733345364724
5221,7225,0.7903806295996308
5221,8111,0.7663873055441118
5221,8122,0.5715139878044502
5221,8131,0.8082881197633814
5221,8134,0.5046563999980922
5242,2361,0.5542100181664016
5242,2382,0.5640739585640226
5242,2389,0.5407397105258432
5242,4413,0.606097113626475
5242,4441,0.5511973028481761
5242,4451,0.5431018052404408
5242,4461,0.5111433647386219
5242,4471,0.6699724479496055
5242,4841,0.5168633665289547
5242,4842,0.5727637944812892
5242,5221,0.6931852812663947
5242,6212,0.5103653318933893
5242,6213,0.5700914223807951
5242,7225,0.6524422425417404
5242,8111,0.6488903632434909
5242,8131,0.684286771924938
5311,4413,0.5150735291879149
5311,4471,0.5081125762047155
5311,6212,0.5152835852812367
5311,7225,0.5307672596740649
5311,8111,0.5073948688009824
5312,2361,0.5259225656381535
5312,5419,0.5033110638443387
5322,4411,0.63267250869983
5322,4412,0.549966390586617
5322,4413,0.6347066034236235
5322,4421,0.5707301555760146
5322,4431,0.5324516724593731
5322,4441,0.6357036088414466
5322,4442,0.5970170158706736
5322,4451,0.5378356196419478
5322,4461,0.6086687804684663
5322,4471,0.5620575311280392
5322,4482,0.5207604357751807
5322,4511,0.5161257137349816
5322,4529,0.5862084206067943
5322,4531,0.5342001468119377
5322,4532,0.5396281701156918
5322,4533,0.5277806586358995
5322,4539,0.6238564554677105
5322,4543,0.5205728884185681
5322,6211,0.550460577896518
5322,6212,0.5945657674569085
5322,6213,0.5332755815547432
5322,6214,0.5275784281518654
5322,6231,0.5591127269607211
5322,6244,0.5043886025752985
5322,7225,0.5778662631958579
5322,8111,0.5443662908819725
5322,8122,0.6003226612386041
5322,8131,0.5179123498923597
5412,4471,0.5033612834037046
5412,5221,0.509994585287656
5412,7225,0.5083937792963517
5412,8111,0.5013301723637229
5412,8131,0.5140360550540318
5419,2361,0.6026974717339926
5419,2381,0.5651756812604269
5419,2382,0.5500712578371721
5419,2383,0.5152160237820994
5419,2389,0.6035319197222385
5419,4411,0.5734130049296952
5419,4413,0.6464425460507697
5419,4441,0.6200672528570409
5419,4442,0.581135508964659
5419,4451,0.589395764008683
5419,4461,0.5652832990573553
5419,4471,0.6148711795867186
5419,4539,0.5384043774870573
5419,4543,0.5244679580702185
5419,4842,0.5230875093732059
5419,5221,0.5726495726495726
5419,5312,0.5033110638443387
5419,6212,0.6330156629168255
5419,6213,0.6254996634764602
5419,6244,0.5711967561757807
5419,7139,0.5380444252476575
5419,7225,0.6278667183575884
5419,8111,0.6366726839535711
5419,8122,0.5101503385224437
5419,8131,0.5895295328368012
5617,2361,0.5064785062727776
5617,2381,0.5072742073476678
5617,2382,0.5147393195615513
5617,2389,0.5055895752298526
5617,4413,0.5087336854361761
5617,4471,0.5159102524528965
5617,7225,0.5331364965664052
5617,8111,0.522181266063099
5617,8131,0.5111494336141859
6211,4411,0.5940967918633968
6211,4413,0.6226346251209091
6211,4421,0.5318492246930772
6211,4441,0.5992185914478352
6211,4442,0.5340160531317467
6211,4451,0.561188680661338
6211,4461,0.639468445664117
6211,4471,0.5748521923566711
6211,4529,0.5736364460357184
6211,4532,0.5005832983268018
6211,4539,0.5514615193956196
6211,5221,0.5079659587631042
6211,5322,0.550460577896518
6211,6212,0.5850289026064524
6211,6213,0.5654137567051557
6211,6214,0.5031496299825327
6211,6231,0.5114959442593717
6211,6244,0.5022922661769311
6211,7225,0.5869121258525801
6211,8111,0.559770990214865
6211,8122,0.5772834770305894
6211,8131,0.5612697382462692
6212,2361,0.6269067067906573
6212,2381,0.5884587999372457
6212,2382,0.5989691702824816
6212,2383,0.5195640983941683
6212,2389,0.6298982594710409
6212,4238,0.5426486246739078
6212,4411,0.700168407861966
6212,4412,0.5512532413555455
6212,4413,0.7667024239162341
6212,4421,0.5216158535903322
6212,4431,0.5547027585816364
6212,4441,0.7375400755503658
6212,4442,0.6629667941165022
6212,4451,0.6732110060328107
6212,4453,0.5315795845165583
6212,4461,0.6976409977004461
6212,4471,0.7068712947821529
6212,4511,0.5386250095052233
6212,4529,0.6067470446273964
6212,4531,0.5313635645989776
6212,4532,0.5539913947367113
6212,4533,0.5243501993474093
6212,4539,0.6427571364487991
6212,4543,0.6158502522477614
6212,4841,0.5264983365472955
6212,4842,0.5907240951686564
6212,5221,0.6456990368550497
6212,5242,0.5103653318933893
6212,5311,0.5152835852812367
6212,5322,0.5945657674569085
6212,5419,0.6330156629168255
6212,6211,0.5850289026064524
6212,6213,0.7226450003635105
6212,6214,0.5352489151994764
6212,6231,0.5652981687128984
6212,6233,0.5725546499409634
6212,6241,0.5472568071435144
6212,6244,0.6273033830357293
6212,7139,0.5740176981734656
6212,7224,0.5006317167694522
6212,7225,0.7172112017768317
6212,8111,0.7363127778433608
6212,8121,0.5204942224587554
6212,8122,0.6167024359429876
6212,8131,0.6645346603658806
6212,8134,0.5434808676112091
6213,2361,0.6437921988688086
6213,2381,0.5848558966739204
6213,2382,0.605693777190491
6213,2389,0.639793125145603
6213,4238,0.5406239488775726
6213,4411,0.6608495215763781
6213,4413,0.7481588624891576
6213,4431,0.5145048390885356
6213,4441,0.7149343286701294
6213,4442,0.6204853608718364
6213,4451,0.6519340412824037
6213,4453,0.5029059989558815
6213,4461,0.6712221218170275
6213,4471,0.7268244840384543
6213,4529,0.5638465244039328
6213,4532,0.5051064382591904
6213,4539,0.5939051474085091
6213,4543,0.5615613252179769
6213,4841,0.5513153810933151
6213,4842,0.6017930678936644
6213,5221,0.6907553535592463
6213,5242,0.5700914223807951
6213,5322,0.5332755815547432
6213,5419,0.6254996634764602
6213,6211,0.5654137567051557
6213,6212,0.7226450003635105
6213,6214,0.5082843414791637
6213,6231,0.5285123510443653
6213,6233,0.524375124035373
6213,6241,0.5662428744949655
6213,6244,0.613907190968393
6213,7139,0.5496889973477878
6213,7224,0.5112375083166145
6213,7225,0.7196487482545924
6213,8111,0.7342567649830181
6213,8122,0.5877148996728307
6213,8131,0.6848620810275166
6213,8134,0.5249684380315787
6214,4411,0.5407157634498839
6214,4413,0.5637734491636266
6214,4441,0.5479269443378952
6214,4442,0.5263834120170651
6214,4461,0.5418360845488877
6214,4529,0.5111141298172562
6214,4539,0.543788293421909
6214,5322,0.5275784281518654
6214,6211,0.5031496299825327
6214,6212,0.5352489151994764
6214,6213,0.5082843414791637
6214,7225,0.5022806008247558
6214,8111,0.5034935116367069
6214,8122,0.5284169399583052
6216,4461,0.5078597361751638
6219,4521,0.5057879647409161
6231,4238,0.5019704651558146
6231,4411,0.6415611896866946
6231,4412,0.5264726883615881
6231,4413,0.6079068312518211
6231,4441,0.5924866522469916
6231,4442,0.5984854159490001
6231,4451,0.5276533024853612
6231,4453,0.5043192574392976
6231,4461,0.5798341274380602
6231,4471,0.5587740194540336
6231,4529,0.5419381332027797
6231,4531,0.5630349337794944
6231,4539,0.5390640294914896
6231,4543,0.5235227701733505
6231,5322,0.5591127269607211
6231,6211,0.5114959442593717
6231,6212,0.5652981687128984
6231,6213,0.5285123510443653
6231,6232,0.5035366452645574
6231,6244,0.5265340079703738
6231,7225,0.5345391061813871
6231,8111,0.5584035501621999
6231,8122,0.651283162988961
6231,8131,0.5336222552060296
6232,4411,0.5071012239762568
6232,4441,0.502040332160688
6232,6231,0.5035366452645574
6232,6233,0.503303324275498
6233,4411,0.5664539108101317
6233,4412,0.5357942955880688
6233,4413,0.5461245379745473
6233,4441,0.558411933260475
6233,4442,0.5375201314467364
6233,4451,0.5085816313260649
6233,4461,0.5131508170002012
6233,4511,0.5155996215312195
6233,4521,0.5023714102337855
6233,4531,0.5081810656088145
6233,4533,0.5426115226988557
6233,4539,0.5335899430108235
6233,6212,0.5725546499409634
6233,6213,0.524375124035373
6233,6232,0.503303324275498
6233,8111,0.5238908052922593
6233,8122,0.5172063767955214
6241,4411,0.5393306816162283
6241,4413,0.6102719239561089
6241,4441,0.5718773417961117
6241,4442,0.5003842816444566
6241,4451,0.5609324869986473
6241,4461,0.5786713098915749
6241,4471,0.6005033981232326
6241,5221,0.5564053471724586
6241,6212,0.5472568071435144
6241,6213,0.5662428744949655
6241,7225,0.5912329359070797
6241,8111,0.5753495312246765
6241,8122,0.5263755894518423
6241,8131,0.5517661238112826
6242,4511,0.509540997069012
6244,2361,0.557648727882137
6244,2381,0.5447586221203617
6244,2382,0.5536117177935047
6244,2389,0.5789979928938371
6244,4411,0.6068685684543496
6244,4413,0.6665296481626155
6244,4441,0.6301898859449068
6244,4442,0.5836421160961658
6244,4451,0.6210114000413767
6244,4461,0.6303177237714587
6244,4471,0.6475251819885766
6244,4529,0.5347124043557442
6244,4539,0.5431228790853886
6244,4543,0.5216930325960661
6244,4841,0.5086535341844042
6244,4842,0.535344350466821
6244,5221,0.5923521915896985
6244,5322,0.5043886025752985
6244,5419,0.5711967561757807
6244,6211,0.5022922661769311
6244,6212,0.6273033830357293
6244,6213,0.613907190968393
6244,6231,0.5265340079703738
6244,7139,0.5080729951369939
6244,7225,0.6320561845114965
6244,8111,0.6454903000648069
6244,8122,0.5706468023914911
6244,8131,0.6223807538950274
7139,2361,0.580641027838186
7139,2381,0.5034985275751661
7139,2382,0.5120260315321166
7139,2389,0.5238197582457393
7139,4411,0.5177486571995886
7139,4413,0.5520936496407512
7139,4441,0.5661183241489604
7139,4451,0.5457268653095595
7139,4471,0.5438087837799466
7139,4511,0.5037415831781388
7139,4539,0.510734267649461
7139,4543,0.5073429875604724
7139,5419,0.5380444252476575
7139,6212,0.5740176981734656
7139,6213,0.5496889973477878
7139,6244,0.5080729951369939
7139,7225,0.5597881885938296
7139,8111,0.5711447588669062
7139,8121,0.5042753501896203
7139,8131,0.501696360597072
7211,4471,0.5329729537081609
7211,7225,0.5474114316522571
7224,2361,0.5351458252346902
7224,4413,0.5236443294208918
7224,4441,0.5519251982527527
7224,4471,0.5321316335864797
7224,5221,0.522733345364724
7224,6212,0.5006317167694522
7224,6213,0.5112375083166145
7224,7225,0.519657272580269
7224,8111,0.5409038740361087
7224,8134,0.5229314028419355
7225,2361,0.7022775862576877
7225,2381,0.626305442128713
7225,2382,0.6850437512518156
7225,2389,0.7177695906593752
7225,4238,0.5641927677409371
7225,4411,0.6703071320082131
7225,4413,0.8278034157538837
7225,4431,0.5069095951539012
7225,4441,0.76915329846715
7225,4442,0.6463634535451585
7225,4451,0.7370866131610982
7225,4453,0.5206462627006916
7225,4461,0.7274089188785673
7225,4471,0.8851289992807837
7225,4529,0.6556514563252824
7225,4532,0.504898609689608
7225,4539,0.5991247562310834
7225,4543,0.5676576183153629
7225,4841,0.6241774953389146
7225,4842,0.6916367845541727
7225,5221,0.7903806295996308
7225,5242,0.6524422425417404
7225,5311,0.5307672596740649
7225,5322,0.5778662631958579
7225,5412,0.5083937792963517
7225,5419,0.6278667183575884
7225,5617,0.5331364965664052
7225,6211,0.5869121258525801
7225,6212,0.7172112017768317
7225,6213,0.7196487482545924
7225,6214,0.5022806008247558
7225,6231,0.5345391061813871
7225,6241,0.5912329359070797
7225,6244,0.6320561845114965
7225,7139,0.5597881885938296
7225,7211,0.5474114316522571
7225,7224,0.519657272580269
7225,8111,0.8143717395289334
7225,8122,0.6201126056474344
7225,8131,0.8640652398719134
7225,8134,0.5291822131321771
8111,2361,0.7085011378984247
8111,2362,0.5166141817967176
8111,2381,0.6545379583097247
8111,2382,0.6946237341306828
8111,2383,0.5288281632143066
8111,2389,0.7271166527758435
8111,4238,0.6092969644837021
8111,4249,0.5352482866901068
8111,4411,0.6870567794104141
8111,4412,0.5315694516006877
8111,4413,0.830622842242972
8111,4431,0.5075414890887257
8111,4441,0.7723925682296249
8111,4442,0.6674579815743181
8111,4451,0.7230322471306275
8111,4453,0.5250616591438302
8111,4461,0.7005501077172753
8111,4471,0.8395723483021431
8111,4529,0.6327871182699815
8111,4539,0.5913624989655659
8111,4543,0.6086904242488168
8111,4841,0.6494696679740838
8111,4842,0.7265455700482483
8111,5221,0.7663873055441118
8111,5242,0.6488903632434909
8111,5311,0.5073948688009824
8111,5322,0.5443662908819725
8111,5412,0.5013301723637229
8111,5419,0.6366726839535711
8111,5617,0.522181266063099
8111,6211,0.559770990214865
8111,6212,0.7363127778433608
8111,6213,0.7342567649830181
8111,6214,0.5034935116367069
8111,6231,0.5584035501621999
8111,6233,0.5238908052922593
8111,6241,0.5753495312246765
8111,6244,0.6454903000648069
8111,7139,0.5711447588669062
8111,7224,0.5409038740361087
8111,7225,0.8143717395289334
8111,8113,0.541679817294547
8111,8122,0.6344859656321881
8111,8131,0.8034817875368465
8111,8134,0.5529192679268732
8113,4238,0.5674074545793305
8113,4411,0.5209753466890151
8113,4413,0.5751341232021884
8113,4441,0.5258269702269092
8113,4471,0.5329831556883573
8113,4842,0.5125720851456186
8113,8111,0.541679817294547
8113,8131,0.5138376165101296
8121,4411,0.5069906290748681
8121,6212,0.5204942224587554
8121,7139,0.5042753501896203
8122,2382,0.5051316496149707
8122,2389,0.5462258536139957
8122,3327,0.5002908939224627
8122,4238,0.5231886403574234
8122,4411,0.6688870798356729
8122,4412,0.5090634146447518
8122,4413,0.6863574692867634
8122,4421,0.5172880386735625
8122,4441,0.6416994265793802
8122,4442,0.628366396081007
8122,4451,0.6095707540521275
8122,4461,0.6765654911295547
8122,4471,0.6349024091636979
8122,4529,0.6277318730475189
8122,4531,0.5551718436393414
8122,4539,0.5706701348645908
8122,4543,0.5435781775597982
8122,4841,0.533245988041315
8122,4842,0.5453220412839233
8122,5221,0.5715139878044502
8122,5322,0.6003226612386041
8122,5419,0.5101503385224437
8122,6211,0.5772834770305894
8122,6212,0.6167024359429876
8122,6213,0.5877148996728307
8122,6214,0.5284169399583052
8122,6231,0.651283162988961
8122,6233,0.5172063767955214
8122,6241,0.5263755894518423
8122,6244,0.5706468023914911
8122,7225,0.6201126056474344
8122,8111,0.6344859656321881
8122,8131,0.6175453744916627
8122,8134,0.5265187162398524
8131,2361,0.6615908781483164
8131,2381,0.6005580682905913
8131,2382,0.6832193930537169
8131,2389,0.6926166841443908
8131,4238,0.595082361711647
8131,4249,0.5144080391066176
8131,4411,0.6381210990820669
8131,4413,0.8012290254981642
8131,4441,0.7278845160734524
8131,4442,0.6165340250314983
8131,4451,0.7009113475719634
8131,4461,0.6940805793241883
8131,4471,0.8817341360086414
8131,4529,0.6341976046063774
8131,4539,0.5202529527436393
8131,4543,0.5234541011918071
8131,4841,0.6564545813572877
8131,4842,0.7118176394888448
8131,5221,0.8082881197633814
8131,5242,0.684286771924938
8131,5322,0.5179123498923597
8131,5412,0.5140360550540318
8131,5419,0.5895295328368012
8131,5617,0.5111494336141859
8131,6211,0.5612697382462692
8131,6212,0.6645346603658806
8131,6213,0.6848620810275166
8131,6231,0.5336222552060296
8131,6241,0.5517661238112826
8131,6244,0.6223807538950274
8131,7139,0.501696360597072
8131,7225,0.8640652398719134
8131,8111,0.8034817875368465
8131,8113,0.5138376165101296
8131,8122,0.6175453744916627
8131,8134,0.5050819088072782
8134,4411,0.5681562688798887
8134,4413,0.5667580191759184
8134,4441,0.5695363604727218
8134,4451,0.5101100664338389
8134,4453,0.5020885376702638
8134,4461,0.5042391963667395
8134,4471,0.5374593712523974
8134,4543,0.5010148591446281
8134,5221,0.5046563999980922
8134,6212,0.5434808676112091
8134,6213,0.5249684380315787
8134,7224,0.5229314028419355
8134,7225,0.5291822131321771
8134,8111,0.5529192679268732
8134,8122,0.5265187162398524
8134,8131,0.5050819088072782
